0 0.0708333 0.88125 0.0791667 0.56875 0.177083 0.570312 0.16875 0.882812
0 0.145833 0.890625 0.172917 0.598437 0.275 0.603125 0.247917 0.895312
0 0.25 0.140625 0.677083 0.129688 0.679167 0.198437 0.254167 0.209375
0 0.64375 0.546875 0.747917 0.520312 0.885417 0.828125 0.78125 0.854688
0 0.0916667 0.145313 0.189583 0.103125 0.402083 0.382812 0.304167 0.423438
0 0.46875 0.9125 0.46875 0.83125 0.897917 0.83125 0.897917 0.9125
0 0.395833 0.271875 0.49375 0.239063 0.6625 0.526563 0.564583 0.559375
0 0.572917 0.348438 0.877083 0.120313 0.947917 0.173437 0.64375 0.401562
0 0.28125 0.41875 0.391667 0.395313 0.50625 0.69375 0.395833 0.717187
0 0.2125 0.542188 0.310417 0.523438 0.416667 0.825 0.31875 0.84375
0 0.597917 0.232813 0.825 0.0625 0.89375 0.114062 0.666667 0.284375
