0 0.55 0.242188 0.647917 0.214062 0.802083 0.507812 0.704167 0.5375
0 0.04375 0.260937 0.13125 0.203125 0.414583 0.439063 0.327083 0.496875
0 0.152083 0.257812 0.183333 0.179688 0.59375 0.275 0.5625 0.351562
0 0.25625 0.33125 0.302083 0.271875 0.6875 0.442188 0.641667 0.5
0 0.7875 0.820312 0.7875 0.504687 0.904167 0.504687 0.904167 0.820312
0 0.5 0.91875 0.504167 0.8375 0.902083 0.85 0.895833 0.932813
0 0.3625 0.58125 0.416667 0.514062 0.789583 0.68125 0.735417 0.748437
0 0.139583 0.885938 0.272917 0.5875 0.372917 0.6125 0.239583 0.910937
0 0.258333 0.0796875 0.685417 0.0765625 0.6875 0.154688 0.260417 0.157812
0 0.075 0.720313 0.289583 0.45 0.383333 0.492188 0.16875 0.7625
