0 0.0791667 0.14375 0.09375 0.0640625 0.477083 0.104688 0.4625 0.184375
0 0.139583 0.209375 0.241667 0.189062 0.347917 0.492188 0.245833 0.5125
0 0.183333 0.528125 0.285417 0.504687 0.397917 0.792188 0.295833 0.815625
0 0.0645833 0.69375 0.075 0.3875 0.172917 0.389062 0.164583 0.695312
0 0.35625 0.91875 0.35625 0.842187 0.7875 0.842187 0.7875 0.91875
0 0.402083 0.36875 0.75 0.179688 0.8125 0.24375 0.4625 0.432812
0 0.335417 0.507812 0.6625 0.289062 0.735417 0.35 0.408333 0.56875
0 0.754167 0.420312 0.83125 0.123438 0.939583 0.140625 0.8625 0.435937
0 0.7 0.475 0.816667 0.471875 0.829167 0.7875 0.7125 0.790625
0 0.616667 0.715625 0.63125 0.409375 0.739583 0.4125 0.725 0.71875
0 0.44375 0.782813 0.866667 0.778125 0.86875 0.854688 0.445833 0.859375
