0 0.364583 0.890625 0.366667 0.809375 0.789583 0.814063 0.7875 0.895312
0 0.33125 0.29375 0.34375 0.220312 0.7625 0.25625 0.75 0.329688
0 0.4875 0.235937 0.49375 0.157812 0.914583 0.182812 0.90625 0.260937
0 0.29375 0.175 0.295833 0.0984375 0.716667 0.104688 0.714583 0.18125
0 0.291667 0.5125 0.35 0.45 0.702083 0.6375 0.64375 0.7
0 0.458333 0.4625 0.839583 0.31875 0.885417 0.3875 0.502083 0.529687
0 0.0895833 0.898438 0.0979167 0.584375 0.185417 0.585938 0.179167 0.9
0 0.610417 0.792188 0.775 0.495312 0.88125 0.528125 0.716667 0.825
0 0.183333 0.520312 0.19375 0.2375 0.302083 0.239063 0.291667 0.521875
0 0.0979167 0.535937 0.108333 0.235937 0.197917 0.2375 0.189583 0.5375
