0 0.260417 0.553125 0.34375 0.503125 0.6 0.75 0.516667 0.798438
0 0.797917 0.3125 0.908333 0.310937 0.9125 0.621875 0.802083 0.623437
0 0.235417 0.448437 0.59375 0.2875 0.645833 0.35 0.285417 0.510938
0 0.0708333 0.435937 0.429167 0.282813 0.477083 0.346875 0.11875 0.5
0 0.195833 0.88125 0.239583 0.575 0.345833 0.584375 0.302083 0.890625
0 0.35 0.2375 0.766667 0.234375 0.76875 0.309375 0.352083 0.3125
0 0.375 0.448437 0.775 0.351562 0.80625 0.425 0.40625 0.521875
0 0.3 0.185938 0.7 0.0828125 0.733333 0.154688 0.333333 0.257812
0 0.458333 0.839063 0.870833 0.760938 0.895833 0.834375 0.483333 0.9125
0 0.508333 0.676562 0.735417 0.43125 0.820833 0.476562 0.59375 0.721875
