0 0.347917 0.76875 0.377083 0.696875 0.783333 0.790625 0.754167 0.8625
0 0.1125 0.585938 0.21875 0.576562 0.26875 0.875 0.1625 0.884375
0 0.689583 0.8 0.689583 0.492188 0.795833 0.492188 0.795833 0.8
0 0.15 0.425 0.45625 0.210938 0.522917 0.265625 0.216667 0.478125
0 0.75625 0.84375 0.835417 0.54375 0.945833 0.560937 0.864583 0.859375
0 0.470833 0.240625 0.475 0.1625 0.897917 0.175 0.89375 0.253125
0 0.0708333 0.15625 0.10625 0.0859375 0.485417 0.189062 0.452083 0.259375
0 0.304167 0.148438 0.310417 0.0734375 0.733333 0.0953125 0.727083 0.170313
0 0.466667 0.9125 0.466667 0.83125 0.895833 0.83125 0.895833 0.9125
0 0.05 0.5625 0.0833333 0.251563 0.179167 0.25625 0.145833 0.567187
