0 0.35625 0.390625 0.44375 0.348438 0.664583 0.604688 0.579167 0.646875
0 0.483333 0.103125 0.90625 0.096875 0.908333 0.173437 0.485417 0.179688
0 0.0854167 0.9 0.0958333 0.589063 0.1875 0.590625 0.177083 0.901563
0 0.0958333 0.60625 0.1 0.3 0.189583 0.301563 0.185417 0.607812
0 0.78125 0.5375 0.8 0.23125 0.914583 0.235937 0.895833 0.542188
0 0.78125 0.842187 0.789583 0.532813 0.897917 0.534375 0.889583 0.84375
0 0.0895833 0.165625 0.1125 0.0921875 0.516667 0.1625 0.49375 0.235937
0 0.0875 0.2 0.160417 0.14375 0.452083 0.360938 0.379167 0.417187
0 0.575 0.6125 0.675 0.59375 0.779167 0.892188 0.679167 0.910937
0 0.166667 0.635938 0.177083 0.328125 0.28125 0.329688 0.270833 0.6375
