0 0.46875 0.925 0.46875 0.84375 0.897917 0.84375 0.897917 0.925
0 0.64375 0.559375 0.747917 0.532813 0.885417 0.840625 0.78125 0.867188
0 0.554167 0.360938 0.875 0.146875 0.94375 0.204687 0.622917 0.41875
0 0.114583 0.170313 0.210417 0.125 0.4375 0.398438 0.34375 0.442188
0 0.447917 0.320312 0.547917 0.292187 0.689583 0.5875 0.589583 0.615625
0 0.283333 0.432812 0.391667 0.410938 0.497917 0.7125 0.389583 0.734375
0 0.14375 0.1375 0.170833 0.0703125 0.579167 0.159375 0.552083 0.226562
0 0.145833 0.903125 0.172917 0.610938 0.275 0.615625 0.247917 0.907813
0 0.0708333 0.89375 0.0791667 0.58125 0.177083 0.582812 0.16875 0.895312
0 0.2125 0.554688 0.310417 0.535937 0.416667 0.8375 0.31875 0.85625
0 0.5375 0.18125 0.86875 0.0828125 0.90625 0.154688 0.577083 0.253125
