0 0.377083 0.240625 0.389583 0.164062 0.81875 0.204687 0.80625 0.28125
0 0.20625 0.303125 0.222917 0.220312 0.64375 0.26875 0.627083 0.351562
0 0.49375 0.384375 0.870833 0.23125 0.91875 0.298438 0.541667 0.451562
0 0.629167 0.7875 0.804167 0.495312 0.90625 0.529687 0.733333 0.821875
0 0.114583 0.535937 0.125 0.235937 0.214583 0.2375 0.20625 0.5375
0 0.310417 0.175 0.3125 0.0984375 0.733333 0.104688 0.73125 0.18125
0 0.38125 0.890625 0.383333 0.809375 0.80625 0.814063 0.804167 0.895312
0 0.314583 0.523438 0.372917 0.459375 0.727083 0.645312 0.66875 0.707812
0 0.10625 0.898438 0.114583 0.584375 0.202083 0.585938 0.195833 0.9
0 0.477083 0.475 0.858333 0.33125 0.904167 0.4 0.520833 0.542188
