0 0.26875 0.704688 0.285417 0.3875 0.385417 0.390625 0.36875 0.707812
0 0.120833 0.503125 0.127083 0.19375 0.21875 0.195312 0.2125 0.504687
0 0.177083 0.570312 0.19375 0.264062 0.302083 0.267188 0.285417 0.573438
0 0.458333 0.167187 0.460417 0.0859375 0.879167 0.09375 0.877083 0.175
0 0.370833 0.832812 0.372917 0.754687 0.8 0.760938 0.797917 0.839063
0 0.214583 0.735938 0.622917 0.66875 0.64375 0.740625 0.2375 0.807813
0 0.358333 0.904687 0.360417 0.828125 0.78125 0.835938 0.779167 0.9125
0 0.514583 0.195312 0.622917 0.173437 0.733333 0.479687 0.627083 0.501563
0 0.685417 0.2875 0.79375 0.278125 0.84375 0.589063 0.735417 0.598437
0 0.44375 0.5625 0.495833 0.495312 0.86875 0.660937 0.816667 0.728125
0 0.320833 0.2625 0.427083 0.24375 0.514583 0.529687 0.408333 0.548438
