0 0.158333 0.75625 0.566667 0.739062 0.572917 0.81875 0.164583 0.8375
0 0.795833 0.201563 0.910417 0.2 0.91875 0.510938 0.804167 0.5125
0 0.158333 0.6125 0.166667 0.30625 0.272917 0.307812 0.264583 0.614062
0 0.352083 0.376563 0.433333 0.325 0.702083 0.55625 0.622917 0.609375
0 0.220833 0.754687 0.295833 0.457813 0.402083 0.473438 0.327083 0.770312
0 0.675 0.4875 0.783333 0.475 0.85 0.790625 0.741667 0.803125
0 0.0875 0.584375 0.1 0.278125 0.1875 0.279687 0.177083 0.585938
0 0.179167 0.126562 0.6125 0.103125 0.620833 0.1875 0.1875 0.210938
0 0.610417 0.584375 0.722917 0.567187 0.808333 0.867188 0.695833 0.884375
0 0.2 0.8875 0.202083 0.817187 0.625 0.823438 0.622917 0.895312
