0 0.758333 0.401562 0.827083 0.104688 0.9375 0.120313 0.86875 0.415625
0 0.691667 0.778125 0.710417 0.4625 0.827083 0.465625 0.80625 0.782813
0 0.0666667 0.682813 0.0770833 0.376563 0.175 0.378125 0.166667 0.684375
0 0.358333 0.907813 0.358333 0.83125 0.789583 0.83125 0.789583 0.907813
0 0.604167 0.695312 0.645833 0.389062 0.752083 0.398438 0.710417 0.703125
0 0.179167 0.19375 0.28125 0.173437 0.3875 0.476562 0.285417 0.496875
0 0.0854167 0.0921875 0.475 0.0921875 0.475 0.171875 0.0854167 0.171875
0 0.185417 0.517188 0.2875 0.49375 0.4 0.78125 0.297917 0.804688
0 0.445833 0.771875 0.86875 0.767188 0.870833 0.84375 0.447917 0.848437
0 0.302083 0.189062 0.410417 0.175 0.475 0.476562 0.366667 0.490625
0 0.43125 0.18125 0.54375 0.179688 0.552083 0.485938 0.439583 0.4875
