0 0.0770833 0.126562 0.122917 0.0609375 0.46875 0.196875 0.422917 0.2625
0 0.695833 0.801562 0.695833 0.495312 0.804167 0.495312 0.804167 0.801562
0 0.20625 0.5125 0.30625 0.492188 0.41875 0.7875 0.31875 0.809375
0 0.479167 0.240625 0.4875 0.160938 0.908333 0.182812 0.902083 0.260937
0 0.43125 0.503125 0.747917 0.29375 0.810417 0.346875 0.491667 0.554688
0 0.525 0.55 0.8125 0.326562 0.885417 0.379688 0.597917 0.603125
0 0.760417 0.842187 0.839583 0.542188 0.95 0.559375 0.86875 0.857812
0 0.2875 0.484375 0.59375 0.253125 0.66875 0.30625 0.3625 0.539062
0 0.475 0.926562 0.475 0.845313 0.904167 0.845313 0.904167 0.926562
0 0.354167 0.798438 0.372917 0.725 0.789583 0.7875 0.76875 0.8625
0 0.0645833 0.446875 0.272917 0.203125 0.360417 0.245312 0.152083 0.489063
0 0.154167 0.903125 0.16875 0.610938 0.270833 0.614062 0.25625 0.90625
0 0.0770833 0.895312 0.0854167 0.582812 0.183333 0.584375 0.175 0.896875
