0 0.78125 0.842187 0.789583 0.532813 0.897917 0.534375 0.889583 0.84375
0 0.0895833 0.165625 0.1125 0.0921875 0.516667 0.1625 0.49375 0.235937
0 0.483333 0.103125 0.90625 0.096875 0.908333 0.173437 0.485417 0.179688
0 0.0958333 0.60625 0.1 0.3 0.189583 0.301563 0.185417 0.607812
0 0.78125 0.5375 0.8 0.23125 0.914583 0.235937 0.895833 0.542188
0 0.0854167 0.9 0.0958333 0.589063 0.1875 0.590625 0.177083 0.901563
0 0.289583 0.634375 0.329167 0.328125 0.439583 0.335938 0.4 0.642188
0 0.366667 0.657813 0.425 0.354687 0.527083 0.365625 0.46875 0.66875
0 0.541667 0.629687 0.61875 0.329688 0.729167 0.345313 0.65 0.645312
0 0.466667 0.615625 0.539583 0.3125 0.645833 0.326562 0.572917 0.629687
