0 0.358333 0.904687 0.360417 0.828125 0.78125 0.835938 0.779167 0.9125
0 0.26875 0.704688 0.285417 0.3875 0.385417 0.390625 0.36875 0.707812
0 0.370833 0.832812 0.372917 0.754687 0.8 0.760938 0.797917 0.839063
0 0.120833 0.503125 0.127083 0.19375 0.21875 0.195312 0.2125 0.504687
0 0.497917 0.2 0.602083 0.173437 0.7375 0.475 0.633333 0.501563
0 0.670833 0.282813 0.779167 0.273438 0.829167 0.584375 0.720833 0.59375
0 0.458333 0.167187 0.460417 0.0859375 0.879167 0.09375 0.877083 0.175
0 0.177083 0.570312 0.19375 0.264062 0.302083 0.267188 0.285417 0.573438
0 0.2875 0.29375 0.379167 0.25625 0.56875 0.515625 0.477083 0.554688
0 0.352083 0.664062 0.3875 0.590625 0.795833 0.704688 0.760417 0.778125
0 0.40625 0.573438 0.435417 0.501563 0.839583 0.59375 0.810417 0.665625
