0 0.0708333 0.86875 0.0791667 0.55625 0.177083 0.557813 0.16875 0.870313
0 0.147917 0.876563 0.1625 0.584375 0.264583 0.5875 0.25 0.879687
0 0.46875 0.9 0.46875 0.81875 0.897917 0.81875 0.897917 0.9
0 0.0583333 0.420312 0.266667 0.176563 0.354167 0.21875 0.145833 0.4625
0 0.264583 0.78125 0.29375 0.467187 0.404167 0.473438 0.375 0.7875
0 0.495833 0.454688 0.539583 0.139063 0.645833 0.148438 0.604167 0.4625
0 0.814583 0.607812 0.827083 0.298438 0.939583 0.301563 0.927083 0.610938
0 0.71875 0.640625 0.722917 0.326562 0.833333 0.328125 0.829167 0.642188
0 0.347917 0.771875 0.366667 0.698438 0.783333 0.760938 0.7625 0.835938
0 0.210417 0.339062 0.48125 0.0890625 0.5625 0.1375 0.291667 0.3875
