0 0.152083 0.253125 0.185417 0.182812 0.591667 0.284375 0.560417 0.35625
0 0.0604167 0.217188 0.158333 0.178125 0.358333 0.459375 0.260417 0.498437
0 0.245833 0.148438 0.258333 0.06875 0.685417 0.10625 0.672917 0.185938
0 0.122917 0.860938 0.289583 0.573438 0.383333 0.604688 0.216667 0.892188
0 0.466667 0.71875 0.46875 0.6375 0.908333 0.64375 0.90625 0.725
0 0.245833 0.348438 0.289583 0.279687 0.6875 0.417187 0.645833 0.485938
0 0.0583333 0.723437 0.289583 0.459375 0.385417 0.50625 0.154167 0.770312
0 0.55625 0.246875 0.658333 0.214062 0.829167 0.507812 0.727083 0.540625
0 0.477083 0.845313 0.90625 0.842187 0.908333 0.925 0.479167 0.928125
0 0.2875 0.717187 0.720833 0.709375 0.722917 0.782813 0.289583 0.790625
