0 0.08125 0.679688 0.1 0.603125 0.520833 0.660937 0.504167 0.7375
0 0.19375 0.153125 0.627083 0.126562 0.635417 0.207813 0.202083 0.234375
0 0.779167 0.821875 0.7875 0.5125 0.895833 0.514062 0.8875 0.823438
0 0.779167 0.517188 0.797917 0.210938 0.9125 0.215625 0.89375 0.521875
0 0.0791667 0.826562 0.0979167 0.751563 0.508333 0.8125 0.489583 0.8875
0 0.0958333 0.76875 0.110417 0.689063 0.541667 0.735938 0.525 0.815625
0 0.316667 0.382812 0.641667 0.19375 0.710417 0.259375 0.385417 0.448437
0 0.46875 0.464062 0.691667 0.21875 0.770833 0.259375 0.547917 0.504687
0 0.525 0.523438 0.747917 0.275 0.84375 0.323437 0.620833 0.571875
0 0.0520833 0.4375 0.133333 0.376563 0.435417 0.60625 0.354167 0.665625
