0 0.1125 0.876563 0.308333 0.59375 0.402083 0.63125 0.208333 0.914062
0 0.104167 0.74375 0.31875 0.465625 0.4125 0.50625 0.2 0.784375
0 0.370833 0.239063 0.383333 0.164062 0.810417 0.207813 0.797917 0.284375
0 0.675 0.804688 0.779167 0.498437 0.885417 0.51875 0.78125 0.826562
0 0.33125 0.560937 0.39375 0.492188 0.747917 0.673438 0.685417 0.742188
0 0.395833 0.876563 0.404167 0.796875 0.827083 0.821875 0.81875 0.903125
0 0.30625 0.171875 0.308333 0.0953125 0.729167 0.101562 0.727083 0.178125
0 0.2 0.304688 0.214583 0.221875 0.635417 0.265625 0.620833 0.348438
0 0.10625 0.554688 0.116667 0.245312 0.20625 0.246875 0.195833 0.55625
0 0.483333 0.48125 0.852083 0.321875 0.9 0.385937 0.533333 0.545312
