0 0.1125 0.5875 0.21875 0.575 0.279167 0.870313 0.170833 0.882812
0 0.160417 0.571875 0.18125 0.49375 0.5875 0.553125 0.566667 0.629687
0 0.289583 0.675 0.320833 0.603125 0.716667 0.701562 0.685417 0.773438
0 0.422917 0.504687 0.739583 0.295312 0.802083 0.348438 0.483333 0.55625
0 0.0729167 0.126562 0.11875 0.0609375 0.464583 0.196875 0.41875 0.2625
0 0.0604167 0.446875 0.26875 0.203125 0.35625 0.245312 0.147917 0.489063
0 0.283333 0.484375 0.589583 0.253125 0.664583 0.30625 0.358333 0.539062
0 0.691667 0.801562 0.691667 0.495312 0.8 0.495312 0.8 0.801562
0 0.470833 0.926562 0.470833 0.845313 0.9 0.845313 0.9 0.926562
0 0.520833 0.55 0.808333 0.326562 0.88125 0.379688 0.59375 0.603125
0 0.475 0.240625 0.483333 0.160938 0.904167 0.182812 0.897917 0.260937
0 0.75625 0.842187 0.835417 0.542188 0.945833 0.559375 0.864583 0.857812
0 0.352083 0.775 0.379167 0.703125 0.789583 0.79375 0.7625 0.864062
0 0.275 0.151562 0.28125 0.0765625 0.704167 0.0984375 0.697917 0.173437
