0 0.3 0.696875 0.55 0.4625 0.6375 0.5125 0.3875 0.748437
0 0.14375 0.575 0.2875 0.29375 0.391667 0.323437 0.247917 0.604688
0 0.0708333 0.175 0.0791667 0.0953125 0.466667 0.117188 0.458333 0.195312
0 0.391667 0.846875 0.710417 0.640625 0.78125 0.703125 0.4625 0.907813
0 0.4375 0.423438 0.741667 0.195312 0.816667 0.251563 0.5125 0.479687
0 0.447917 0.742188 0.61875 0.464062 0.720833 0.498437 0.547917 0.776563
0 0.0625 0.671875 0.1 0.351562 0.20625 0.359375 0.16875 0.679688
0 0.71875 0.551562 0.839583 0.539062 0.897917 0.85625 0.777083 0.86875
0 0.775 0.435937 0.825 0.139063 0.939583 0.15 0.889583 0.445312
0 0.339583 0.542188 0.339583 0.234375 0.44375 0.234375 0.44375 0.542188
