0 0.777083 0.842187 0.7875 0.529687 0.902083 0.53125 0.891667 0.84375
0 0.795833 0.215625 0.910417 0.214062 0.91875 0.525 0.804167 0.526563
0 0.0854167 0.892188 0.09375 0.59375 0.177083 0.595313 0.170833 0.89375
0 0.2 0.901563 0.202083 0.83125 0.625 0.8375 0.622917 0.909375
0 0.225 0.821875 0.233333 0.740625 0.652083 0.764062 0.64375 0.845313
0 0.08125 0.154688 0.116667 0.08125 0.508333 0.189062 0.472917 0.2625
0 0.0875 0.598437 0.1 0.292187 0.1875 0.29375 0.177083 0.6
0 0.475 0.09375 0.902083 0.0890625 0.904167 0.164062 0.477083 0.16875
0 0.66875 0.820312 0.689583 0.504687 0.8 0.507812 0.779167 0.825
0 0.0666667 0.20625 0.133333 0.148438 0.44375 0.348438 0.377083 0.40625
