0 0.522917 0.73125 0.679167 0.498437 0.791667 0.540625 0.635417 0.773438
0 0.3375 0.340625 0.535417 0.065625 0.63125 0.104688 0.433333 0.379688
0 0.541667 0.503125 0.641667 0.203125 0.745833 0.221875 0.647917 0.523438
0 0.314583 0.910937 0.316667 0.834375 0.7375 0.842187 0.735417 0.91875
0 0.19375 0.665625 0.20625 0.348438 0.3125 0.35 0.3 0.667188
0 0.28125 0.592187 0.695833 0.498437 0.725 0.56875 0.310417 0.6625
0 0.327083 0.839063 0.329167 0.760938 0.75625 0.767188 0.754167 0.845313
0 0.816667 0.553125 0.816667 0.2375 0.927083 0.239063 0.927083 0.553125
0 0.275 0.56875 0.491667 0.29375 0.591667 0.3375 0.375 0.6125
0 0.0395833 0.742188 0.0833333 0.442188 0.185417 0.45 0.141667 0.751563
