0 0.1875 0.735938 0.595833 0.66875 0.616667 0.740625 0.210417 0.807813
0 0.31875 0.590625 0.366667 0.520312 0.745833 0.664062 0.697917 0.735938
0 0.15 0.564063 0.166667 0.257812 0.275 0.260937 0.258333 0.567187
0 0.2125 0.276562 0.275 0.2125 0.61875 0.396875 0.55625 0.4625
0 0.364583 0.192188 0.404167 0.11875 0.791667 0.235937 0.754167 0.309375
0 0.69375 0.725 0.808333 0.428125 0.910417 0.451562 0.797917 0.746875
0 0.43125 0.167187 0.433333 0.0859375 0.852083 0.09375 0.85 0.175
0 0.34375 0.832812 0.345833 0.754687 0.772917 0.760938 0.770833 0.839063
0 0.49375 0.482812 0.789583 0.2625 0.864583 0.31875 0.566667 0.540625
0 0.233333 0.707812 0.272917 0.390625 0.370833 0.396875 0.333333 0.714063
0 0.33125 0.904687 0.333333 0.828125 0.754167 0.835938 0.752083 0.9125
0 0.09375 0.503125 0.1 0.19375 0.191667 0.195312 0.185417 0.504687
0 0.220833 0.195312 0.275 0.132812 0.625 0.298438 0.572917 0.360938
0 0.5125 0.551562 0.810417 0.329688 0.8875 0.389062 0.589583 0.609375
