0 0.13125 0.0984375 0.529167 0.09375 0.53125 0.171875 0.133333 0.176563
0 0.0645833 0.557813 0.329167 0.320312 0.4125 0.373437 0.147917 0.609375
0 0.435417 0.217188 0.545833 0.204687 0.610417 0.528125 0.5 0.540625
0 0.114583 0.43125 0.25 0.153125 0.352083 0.18125 0.216667 0.459375
0 0.370833 0.83125 0.789583 0.807813 0.795833 0.882812 0.379167 0.907813
0 0.260417 0.796875 0.479167 0.532813 0.56875 0.573438 0.352083 0.839063
0 0.0958333 0.707812 0.297917 0.432812 0.385417 0.470313 0.183333 0.74375
0 0.472917 0.751563 0.508333 0.679688 0.904167 0.792188 0.86875 0.864062
0 0.229167 0.725 0.4 0.453125 0.497917 0.489063 0.327083 0.760938
0 0.545833 0.234375 0.597917 0.1625 0.933333 0.301563 0.88125 0.373437
0 0.597917 0.429688 0.708333 0.426563 0.725 0.73125 0.614583 0.734375
0 0.547917 0.307812 0.60625 0.239063 0.922917 0.390625 0.864583 0.460938
