0 0.235417 0.751563 0.277083 0.45 0.377083 0.457813 0.3375 0.759375
0 0.197917 0.879687 0.202083 0.803125 0.629167 0.81875 0.625 0.896875
0 0.78125 0.50625 0.8 0.2 0.914583 0.204687 0.895833 0.510938
0 0.78125 0.810937 0.789583 0.501563 0.897917 0.503125 0.889583 0.8125
0 0.0958333 0.575 0.1 0.26875 0.189583 0.270313 0.185417 0.576562
0 0.0854167 0.86875 0.0958333 0.557813 0.1875 0.559375 0.177083 0.870313
0 0.166667 0.604688 0.177083 0.296875 0.28125 0.298438 0.270833 0.60625
0 0.354167 0.809375 0.377083 0.73125 0.804167 0.8 0.78125 0.878125
0 0.195833 0.142187 0.629167 0.115625 0.6375 0.196875 0.204167 0.223438
0 0.470833 0.453125 0.69375 0.207813 0.772917 0.248438 0.55 0.49375
0 0.31875 0.371875 0.64375 0.182812 0.7125 0.248438 0.3875 0.4375
0 0.527083 0.5125 0.75 0.264062 0.845833 0.3125 0.622917 0.560937
0 0.35 0.607812 0.352083 0.529687 0.777083 0.539062 0.775 0.617188
0 0.345833 0.732812 0.35625 0.659375 0.785417 0.692187 0.775 0.767188
0 0.354167 0.66875 0.360417 0.592187 0.783333 0.615625 0.775 0.690625
