0 0.402083 0.528125 0.825 0.45 0.85 0.529687 0.427083 0.607812
0 0.275 0.579688 0.45 0.295312 0.552083 0.329688 0.377083 0.614062
0 0.816667 0.5375 0.816667 0.223438 0.93125 0.223438 0.93125 0.5375
0 0.06875 0.740625 0.0791667 0.4375 0.179167 0.439063 0.16875 0.742188
0 0.34375 0.301563 0.625 0.0625 0.702083 0.114062 0.420833 0.353125
0 0.345833 0.625 0.758333 0.535937 0.7875 0.614062 0.377083 0.703125
0 0.127083 0.7 0.289583 0.409375 0.3875 0.439063 0.225 0.73125
0 0.7 0.607812 0.80625 0.596875 0.860417 0.890625 0.754167 0.901563
0 0.5375 0.471875 0.69375 0.178125 0.802083 0.210938 0.645833 0.503125
0 0.264583 0.609375 0.36875 0.6 0.420833 0.9125 0.31875 0.921875
