0 0.3625 0.38125 0.45 0.339062 0.670833 0.595313 0.585417 0.6375
0 0.78125 0.53125 0.8 0.225 0.914583 0.229687 0.895833 0.535937
0 0.0958333 0.6 0.1 0.29375 0.189583 0.295312 0.185417 0.601562
0 0.483333 0.096875 0.90625 0.090625 0.908333 0.167187 0.485417 0.173437
0 0.0895833 0.159375 0.1125 0.0859375 0.516667 0.15625 0.49375 0.229687
0 0.78125 0.835938 0.789583 0.526563 0.897917 0.528125 0.889583 0.8375
0 0.579167 0.604688 0.679167 0.585938 0.783333 0.884375 0.683333 0.903125
0 0.166667 0.629687 0.177083 0.321875 0.28125 0.323437 0.270833 0.63125
0 0.0854167 0.89375 0.0958333 0.582812 0.1875 0.584375 0.177083 0.895312
0 0.0854167 0.195312 0.15625 0.139063 0.454167 0.351562 0.383333 0.407813
0 0.197917 0.904687 0.202083 0.828125 0.629167 0.84375 0.625 0.921875
0 0.260417 0.78125 0.279167 0.479687 0.383333 0.484375 0.364583 0.785937
