0 0.4875 0.485938 0.764583 0.276562 0.841667 0.332813 0.564583 0.542188
0 0.402083 0.420312 0.689583 0.221875 0.764583 0.282813 0.477083 0.48125
0 0.78125 0.53125 0.8 0.225 0.914583 0.229687 0.895833 0.535937
0 0.0895833 0.159375 0.1125 0.0859375 0.516667 0.15625 0.49375 0.229687
0 0.291667 0.325 0.610417 0.159375 0.666667 0.221875 0.35 0.3875
0 0.0958333 0.6 0.1 0.29375 0.189583 0.295312 0.185417 0.601562
0 0.0854167 0.89375 0.0958333 0.582812 0.1875 0.584375 0.177083 0.895312
0 0.197917 0.904687 0.202083 0.828125 0.629167 0.84375 0.625 0.921875
0 0.483333 0.096875 0.90625 0.090625 0.908333 0.167187 0.485417 0.173437
0 0.260417 0.779687 0.283333 0.478125 0.3875 0.482812 0.364583 0.784375
0 0.78125 0.835938 0.789583 0.526563 0.897917 0.528125 0.889583 0.8375
0 0.166667 0.629687 0.177083 0.321875 0.28125 0.323437 0.270833 0.63125
0 0.347917 0.682813 0.770833 0.65625 0.779167 0.732812 0.358333 0.760938
0 0.360417 0.748437 0.7875 0.73125 0.79375 0.809375 0.366667 0.826562
