0 0.447917 0.604688 0.560417 0.598437 0.591667 0.91875 0.479167 0.925
0 0.135417 0.89375 0.25625 0.598437 0.35625 0.621875 0.235417 0.917188
0 0.347917 0.60625 0.452083 0.595313 0.508333 0.90625 0.402083 0.917188
0 0.81875 0.539062 0.81875 0.221875 0.929167 0.221875 0.929167 0.539062
0 0.222917 0.307812 0.335417 0.298438 0.3875 0.615625 0.277083 0.626563
0 0.564583 0.321875 0.797917 0.0640625 0.891667 0.1125 0.658333 0.370312
0 0.308333 0.235937 0.66875 0.0671875 0.725 0.134375 0.364583 0.303125
0 0.0604167 0.832812 0.195833 0.534375 0.289583 0.557813 0.152083 0.85625
0 0.404167 0.528125 0.822917 0.445312 0.85 0.520312 0.429167 0.604688
0 0.539583 0.792188 0.747917 0.5125 0.84375 0.553125 0.635417 0.832812
0 0.3875 0.442188 0.525 0.2 0.629167 0.232813 0.489583 0.475
