0 0.46875 0.240625 0.472917 0.1625 0.895833 0.175 0.891667 0.253125
0 0.108333 0.5875 0.214583 0.575 0.275 0.870313 0.166667 0.882812
0 0.06875 0.126562 0.114583 0.0609375 0.460417 0.196875 0.414583 0.2625
0 0.15 0.582812 0.170833 0.504687 0.577083 0.564063 0.55625 0.640625
0 0.466667 0.926562 0.466667 0.845313 0.895833 0.845313 0.895833 0.926562
0 0.285417 0.675 0.316667 0.603125 0.7125 0.701562 0.68125 0.773438
0 0.416667 0.501563 0.729167 0.290625 0.79375 0.34375 0.48125 0.554688
0 0.752083 0.842187 0.83125 0.542188 0.941667 0.559375 0.860417 0.857812
0 0.6875 0.801562 0.6875 0.495312 0.795833 0.495312 0.795833 0.801562
0 0.345833 0.76875 0.375 0.696875 0.78125 0.790625 0.752083 0.8625
0 0.0666667 0.448437 0.2625 0.2 0.352083 0.239063 0.154167 0.4875
0 0.270833 0.151562 0.277083 0.0765625 0.7 0.0984375 0.69375 0.173437
0 0.3625 0.446875 0.677083 0.226562 0.747917 0.282813 0.433333 0.503125
0 0.216667 0.46875 0.51875 0.257812 0.5875 0.3125 0.283333 0.525
