0 0.141667 0.570312 0.158333 0.264062 0.266667 0.267188 0.25 0.573438
0 0.422917 0.167187 0.425 0.0859375 0.84375 0.09375 0.841667 0.175
0 0.225 0.707812 0.264583 0.390625 0.3625 0.396875 0.325 0.714063
0 0.310417 0.590625 0.358333 0.520312 0.7375 0.664062 0.689583 0.735938
0 0.179167 0.735938 0.5875 0.66875 0.608333 0.740625 0.202083 0.807813
0 0.2125 0.19375 0.26875 0.132812 0.6125 0.309375 0.55625 0.370312
0 0.475 0.45625 0.558333 0.40625 0.822917 0.653125 0.739583 0.704688
0 0.722917 0.276562 0.83125 0.257812 0.927083 0.567187 0.820833 0.585938
0 0.322917 0.904687 0.325 0.828125 0.745833 0.835938 0.74375 0.9125
0 0.335417 0.832812 0.3375 0.754687 0.764583 0.760938 0.7625 0.839063
0 0.35625 0.198437 0.3875 0.123438 0.7875 0.215625 0.75625 0.290625
0 0.0854167 0.503125 0.0916667 0.19375 0.183333 0.195312 0.177083 0.504687
