0 0.15 0.425 0.45625 0.210938 0.522917 0.265625 0.216667 0.478125
0 0.05 0.5625 0.0833333 0.251563 0.179167 0.25625 0.145833 0.567187
0 0.689583 0.8 0.689583 0.492188 0.795833 0.492188 0.795833 0.8
0 0.347917 0.76875 0.377083 0.696875 0.783333 0.790625 0.754167 0.8625
0 0.152083 0.582812 0.172917 0.504687 0.579167 0.564063 0.558333 0.640625
0 0.108333 0.589063 0.214583 0.576562 0.275 0.871875 0.166667 0.884375
0 0.466667 0.9125 0.466667 0.83125 0.895833 0.83125 0.895833 0.9125
0 0.225 0.470313 0.529167 0.2625 0.597917 0.31875 0.291667 0.526563
0 0.0708333 0.15625 0.10625 0.0859375 0.485417 0.189062 0.452083 0.259375
0 0.2875 0.675 0.31875 0.603125 0.714583 0.701562 0.683333 0.773438
0 0.470833 0.240625 0.475 0.1625 0.897917 0.175 0.89375 0.253125
0 0.425 0.50625 0.7375 0.295312 0.802083 0.348438 0.489583 0.559375
0 0.75625 0.84375 0.835417 0.54375 0.945833 0.560937 0.864583 0.859375
0 0.304167 0.148438 0.310417 0.0734375 0.733333 0.0953125 0.727083 0.170313
0 0.370833 0.451562 0.685417 0.23125 0.75625 0.2875 0.441667 0.507812
