0 0.304167 0.575 0.35625 0.5 0.7375 0.646875 0.6875 0.720313
0 0.29375 0.173437 0.295833 0.096875 0.716667 0.103125 0.714583 0.179688
0 0.0833333 0.873437 0.291667 0.596875 0.385417 0.6375 0.177083 0.914062
0 0.360417 0.240625 0.372917 0.164062 0.802083 0.204687 0.789583 0.28125
0 0.0958333 0.542188 0.10625 0.242188 0.195833 0.24375 0.1875 0.54375
0 0.49375 0.36875 0.879167 0.228125 0.925 0.296875 0.539583 0.4375
0 0.372917 0.8875 0.379167 0.807813 0.8 0.821875 0.795833 0.903125
0 0.466667 0.479687 0.8375 0.321875 0.8875 0.385937 0.516667 0.545312
0 0.189583 0.303125 0.20625 0.220312 0.627083 0.26875 0.610417 0.351562
0 0.652083 0.8 0.764583 0.495312 0.872917 0.517188 0.760417 0.821875
0 0.13125 0.685937 0.345833 0.407813 0.439583 0.448437 0.227083 0.726562
