0 0.616667 0.567187 0.720833 0.534375 0.885417 0.834375 0.783333 0.865625
0 0.208333 0.548438 0.308333 0.526563 0.427083 0.826562 0.329167 0.848437
0 0.466667 0.917188 0.46875 0.840625 0.902083 0.846875 0.9 0.923438
0 0.591667 0.235937 0.820833 0.071875 0.889583 0.126562 0.6625 0.290625
0 0.152083 0.0796875 0.58125 0.075 0.583333 0.146875 0.154167 0.151562
0 0.04375 0.8875 0.0770833 0.575 0.183333 0.58125 0.147917 0.89375
0 0.395833 0.28125 0.49375 0.253125 0.641667 0.54375 0.54375 0.571875
0 0.56875 0.357812 0.872917 0.123438 0.95 0.178125 0.64375 0.4125
0 0.139583 0.898438 0.172917 0.609375 0.283333 0.615625 0.25 0.90625
0 0.0854167 0.15625 0.185417 0.1125 0.404167 0.385937 0.304167 0.43125
0 0.279167 0.421875 0.39375 0.398438 0.50625 0.70625 0.391667 0.729688
