0 0.495833 0.492188 0.791667 0.271875 0.866667 0.328125 0.56875 0.548438
0 0.15 0.573438 0.166667 0.267188 0.275 0.270313 0.258333 0.576562
0 0.2125 0.285938 0.275 0.221875 0.61875 0.40625 0.55625 0.471875
0 0.64375 0.70625 0.814583 0.425 0.914583 0.459375 0.74375 0.739062
0 0.364583 0.201563 0.404167 0.128125 0.791667 0.245312 0.754167 0.31875
0 0.43125 0.176563 0.433333 0.0953125 0.852083 0.103125 0.85 0.184375
0 0.327083 0.875 0.3375 0.8 0.75625 0.829688 0.747917 0.904687
0 0.09375 0.5125 0.1 0.203125 0.191667 0.204687 0.185417 0.514062
0 0.275 0.7125 0.291667 0.395313 0.391667 0.398438 0.375 0.715625
0 0.541667 0.582812 0.808333 0.339062 0.891667 0.389062 0.627083 0.634375
0 0.220833 0.204687 0.275 0.142187 0.625 0.307812 0.572917 0.370312
0 0.341667 0.782813 0.35625 0.704688 0.779167 0.745313 0.766667 0.823438
