0 0.10625 0.510938 0.341667 0.257812 0.427083 0.303125 0.19375 0.55625
0 0.0604167 0.44375 0.26875 0.2 0.35625 0.242188 0.147917 0.485938
0 0.470833 0.923438 0.470833 0.842187 0.9 0.842187 0.9 0.923438
0 0.214583 0.553125 0.3125 0.534375 0.41875 0.835938 0.320833 0.854688
0 0.654167 0.553125 0.760417 0.529687 0.885417 0.842187 0.78125 0.865625
0 0.5875 0.353125 0.875 0.1125 0.95 0.1625 0.6625 0.403125
0 0.1375 0.145313 0.160417 0.0703125 0.577083 0.142187 0.554167 0.217188
0 0.539583 0.179688 0.870833 0.08125 0.908333 0.153125 0.579167 0.251563
0 0.15 0.898438 0.164583 0.607812 0.266667 0.610938 0.252083 0.901563
0 0.0729167 0.892188 0.08125 0.579688 0.179167 0.58125 0.170833 0.89375
0 0.4 0.56875 0.754167 0.389062 0.810417 0.453125 0.458333 0.63125
0 0.591667 0.546875 0.7 0.542188 0.722917 0.846875 0.614583 0.851562
0 0.233333 0.517188 0.55 0.323437 0.610417 0.378125 0.29375 0.571875
