0 0.8 0.823438 0.8 0.509375 0.908333 0.509375 0.908333 0.823438
0 0.145833 0.885938 0.279167 0.5875 0.379167 0.6125 0.245833 0.910937
0 0.3625 0.584375 0.4125 0.517188 0.79375 0.676562 0.74375 0.742188
0 0.08125 0.720313 0.295833 0.45 0.389583 0.492188 0.175 0.7625
0 0.0916667 0.534375 0.104167 0.226562 0.19375 0.228125 0.183333 0.535937
0 0.360417 0.225 0.370833 0.15 0.795833 0.182812 0.785417 0.259375
0 0.264583 0.08125 0.689583 0.0671875 0.69375 0.14375 0.26875 0.159375
0 0.504167 0.920312 0.508333 0.839063 0.90625 0.851562 0.9 0.934375
0 0.18125 0.282813 0.197917 0.201563 0.61875 0.251563 0.602083 0.332813
0 0.235417 0.417187 0.302083 0.345313 0.65625 0.532813 0.589583 0.603125
0 0.260417 0.35 0.29375 0.278125 0.708333 0.379688 0.677083 0.453125
