72 272 219 135 251 170 104 306 plane 0
24 360 40 161 86 164 70 363 plane 0
331 512 331 315 382 315 382 512 plane 0
167 492 181 446 376 506 362 552 plane 0
73 373 83 323 278 361 268 410 plane 0
52 377 103 369 132 558 80 566 plane 0
224 584 224 532 430 532 430 584 plane 0
108 301 254 168 287 204 140 337 plane 0
34 100 51 55 233 121 217 166 plane 0
138 432 153 386 343 449 328 495 plane 0
226 154 228 104 431 112 429 162 plane 0
204 324 354 189 385 223 235 358 plane 0
363 540 401 348 454 359 415 550 plane 0
146 95 149 47 352 61 349 109 plane 0
178 289 329 148 363 184 212 325 plane 0
