51 327 164 165 205 194 93 356 plane 0
29 284 129 128 171 155 71 311 plane 0
226 591 226 539 432 539 432 591 plane 0
103 354 150 342 201 535 154 547 plane 0
314 354 365 339 425 539 375 554 plane 0
282 226 420 72 456 104 318 258 plane 0
66 93 77 45 277 91 266 139 plane 0
259 115 418 52 436 98 278 161 plane 0
72 575 79 389 128 391 121 577 plane 0
35 571 39 371 86 372 82 572 plane 0
192 364 362 249 389 290 220 404 plane 0
284 350 336 347 347 542 295 545 plane 0
112 331 264 207 293 242 141 366 plane 0
