54 376 105 368 134 557 82 565 plane 0
77 366 87 316 282 354 272 403 plane 0
139 432 154 386 344 449 329 495 plane 0
203 323 355 189 385 223 232 356 plane 0
35 81 57 39 223 126 201 168 plane 0
29 286 129 130 171 157 71 313 plane 0
136 310 283 162 319 196 172 345 plane 0
332 513 332 317 384 317 384 513 plane 0
226 593 226 541 432 541 432 593 plane 0
250 352 388 209 423 243 285 386 plane 0
228 154 232 103 434 117 431 167 plane 0
363 539 401 347 454 358 415 549 plane 0
169 496 182 450 379 508 366 553 plane 0
132 97 135 49 338 63 335 111 plane 0
