95 579 97 530 302 540 300 590 plane 0
140 208 293 102 320 142 168 248 plane 0
46 384 48 188 91 189 89 385 plane 0
193 269 331 142 367 181 229 308 plane 0
234 311 367 177 404 213 271 347 plane 0
375 340 384 144 439 147 430 343 plane 0
232 61 435 57 436 106 233 110 plane 0
80 403 85 206 135 207 130 404 plane 0
113 497 133 304 181 309 162 502 plane 0
375 535 379 337 431 338 427 536 plane 0
41 572 46 373 90 374 85 573 plane 0
43 102 54 55 248 100 237 147 plane 0
166 497 168 446 374 453 372 504 plane 0
165 354 371 345 374 396 167 405 plane 0
171 456 171 403 375 403 375 456 plane 0
170 534 181 484 386 528 375 578 plane 0
