113 481 133 288 181 293 162 486 plane 0
95 563 97 514 302 524 300 574 plane 0
375 324 384 128 439 131 430 327 plane 0
375 519 379 321 431 322 427 520 plane 0
46 368 48 172 91 173 89 369 plane 0
41 556 46 357 90 358 85 557 plane 0
80 387 85 190 135 191 130 388 plane 0
170 518 181 468 386 512 375 562 plane 0
94 91 302 74 306 126 98 143 plane 0
226 290 333 133 371 159 264 316 plane 0
153 238 309 117 342 159 186 280 plane 0
253 328 360 169 406 200 299 359 plane 0
168 389 169 339 373 345 372 395 plane 0
166 469 171 422 377 443 372 491 plane 0
170 428 173 379 376 394 372 442 plane 0
