90 471 286 428 296 474 101 517 plane 0
153 378 176 333 358 425 335 471 plane 0
72 361 80 165 132 167 124 363 plane 0
102 177 132 136 297 254 267 296 plane 0
175 123 194 76 380 151 362 198 plane 0
333 464 388 274 437 289 383 478 plane 0
207 107 208 55 409 60 408 112 plane 0
165 533 166 483 371 487 370 537 plane 0
237 309 379 168 415 204 272 346 plane 0
112 453 131 250 178 254 160 457 plane 0
159 579 160 530 362 535 361 584 plane 0
45 322 48 124 92 125 89 323 plane 0
106 125 132 85 300 191 275 231 plane 0
246 353 389 211 426 249 283 390 plane 0
