225 154 227 104 430 112 428 162 plane 0
52 376 103 368 132 557 80 565 plane 0
33 81 55 39 221 126 199 168 plane 0
72 373 82 323 277 361 267 410 plane 0
224 593 224 541 430 541 430 593 plane 0
137 432 152 386 342 449 327 495 plane 0
200 321 350 186 381 220 231 355 plane 0
361 539 399 347 452 358 413 549 plane 0
330 513 330 317 382 317 382 513 plane 0
166 492 180 446 375 506 361 552 plane 0
32 287 126 128 169 153 74 312 plane 0
130 97 133 49 336 63 333 111 plane 0
174 286 325 145 359 181 208 322 plane 0
104 300 249 165 282 200 136 336 plane 0
