193 269 331 142 367 181 229 308 plane 0
234 311 367 177 404 213 271 347 plane 0
140 208 293 102 320 142 168 248 plane 0
278 387 326 375 376 566 328 578 plane 0
375 340 384 144 439 147 430 343 plane 0
375 535 379 337 431 338 427 536 plane 0
46 384 48 188 91 189 89 385 plane 0
80 403 85 206 135 207 130 404 plane 0
232 62 435 58 436 107 233 111 plane 0
41 572 46 373 90 374 85 573 plane 0
127 498 136 305 186 308 177 501 plane 0
95 579 97 530 302 540 300 590 plane 0
43 102 54 55 248 100 237 147 plane 0
