37 81 59 39 225 126 203 168 plane 0
334 513 334 317 386 317 386 513 plane 0
99 328 147 315 201 504 153 518 plane 0
230 154 234 103 436 117 433 167 plane 0
207 322 359 188 389 222 236 355 plane 0
252 352 390 209 425 243 287 386 plane 0
365 539 403 347 456 358 417 549 plane 0
138 310 285 162 321 196 174 345 plane 0
228 593 228 541 434 541 434 593 plane 0
170 511 179 464 379 504 369 552 plane 0
31 286 131 130 173 157 73 313 plane 0
74 578 81 391 130 393 123 580 plane 0
37 573 41 373 88 374 84 574 plane 0
